12.3 1214 1226 1200 1161 1217
13.6 4137 4144 4074 4071 4110
0.02 920 1036 982 945 966
0.04 810 826 787 775 825
0.06 644 702 665 709 692
0.08 558 529 531 533 549
0.10 463 491 500 502 534
0.12 393 452 411 387 397
0.14 290 324 292 272 300
0.16 256 298 299 247 258
0.18 218 207 202 201 233
0.02 3311 3250 3202 3271 3269
0.04 2568 2545 2587 2616 2601
0.06 2022 2017 2046 1937 2065
0.08 1623 1480 1590 1539 1517
0.10 1414 1328 1396 1435 1337
0.12 1080 1069 1083 1070 1090
0.14 837 805 854 819 827
0.16 637 658 648 623 644
0.18 442 479 471 481 465