20.3 1206 1234 1212 1272 1268
22.6 4140 4379 4242 4284 4220
0.02 1004 1018 1010 937 1027
0.04 831 748 879 819 866
0.06 700 680 669 696 688
0.08 576 525 536 542 554
0.10 509 503 504 518 507
0.12 418 448 399 412 426
0.14 311 300 321 339 338
0.16 278 266 291 271 285
0.18 221 236 219 241 248
0.02 3410 3434 3443 3481 3338
0.04 2700 2685 2677 2751 2804
0.06 2040 2141 2150 2113 2125
0.08 1618 1640 1571 1612 1605
0.10 1431 1455 1400 1444 1450
0.12 1109 1096 1119 1071 1117
0.14 880 825 875 917 887
0.16 615 690 636 664 691
0.18 512 467 498 480 502